0 0,0127765222347794 0 Среднеквадратичная скорость: 204,025 м/с
25 0,0408300416995945 0,0295815141057518 Наиболее вероятная скорость: 175,103 м/с
50 0,0627635723642779 0,0565572442422032 Средняя скорость: 192,763 м/с
75 0,0803472965270233 0,0787002130857934
100 0,0928237717622611 0,0944647147176589
125 0,0982037179627939 0,103155684786517
150 0,102805321946758 0,10494131745094
175 0,100416845831521 0,100721912827232
200 0,0872280277197029 0,0918978050860421
225 0,0763721362786229 0,0800950084408802
250 0,0618924310756941 0,0669066516273961
275 0,0523062769372402 0,0536941409622041
300 0,0398243517564941 0,041470468390898
325 0,029257457425438 0,0308661947080249
350 0,0207052429475837 0,0221619710392789
375 0,0147808021919842 0,0153628141997553
400 0,00997540024599023 0,0102886226016468
425 0,00687753122468298 0,0066604331658861
450 0,0041071589284082 0,0041696626643445
475 0,00250867491324958 0,00252531432808899
500 0,00145708542914532 0,00148007535498144
525 0,00100883991160073 0,000839699083992271
550 0,000286947130528682 0,000461249790885056
575 0,000209597904020958 0,000245362968795299
600 9,6199038009621E-05 0,000126420838757927
625 0,000138748612513883 6,31004188204062E-05
