0 0,0061807638472306
19,4104261179664 0,0190571885622879
38,8208522359328 0,0269976004799044
58,2312783538992 0,0375034993001405
77,6417044718657 0,051477704459108
97,0521305898321 0,0514677064587082
116,462556707798 0,0632573485302941
135,872982825765 0,0636772645470903
155,283408943731 0,065139972005599
174,693835061698 0,0643191361727657
194,104261179664 0,0642311537692465
213,514687297631 0,0641841631673668
232,925113415597 0,0547880423915217
252,335539533563 0,0517426514697062
271,74596565153 0,0505678864227151
291,156391769496 0,0456708658268349
310,566817887463 0,0337622475504901
329,977244005429 0,0318286342731457
349,387670123395 0,0293781243751255
368,798096241362 0,0246170765846835
388,208522359328 0,0200799840031997
407,618948477295 0,017028594281144
427,029374595261 0,014282143571286
446,439800713228 0,0115076984603082
465,850226831194 0,00931013797240572
485,26065294916 0,00640571885622883
504,671079067127 0,00617576484703071
524,081505185093 0,00472105578884223
543,49193130306 0,00374825034993004
562,902357421026 0,00317236552689471
582,312783538992 0,00112977404519094
601,723209656959 0,000689862027594473
621,133635774925 0,000669866026794632
640,544061892892 0,000642871425714849
659,954488010858 0,000185962807438512
679,364914128825 0,000158968206358728
698,775340246791 0,000135972805438912
718,185766364757 3,49930013997201E-05
737,596192482724 1,499700059988E-05
757,00661860069 1,1997600479904E-05
776,417044718657 4,39912017596481E-05
795,827470836623 0
815,237896954589 0
834,648323072556 0
854,058749190522 0
873,469175308489 0
892,879601426455 0
912,290027544422 0
931,700453662388 0
951,110879780354 0
