0 0,00552189562087595
9,63644773819383 0,0172145570885826
19,2728954763877 0,028435312937413
28,9093432145815 0,0352209558088384
38,5457909527753 0,045348930213957
48,1822386909692 0,0535602879424118
57,818686429163 0,0593991201759648
67,4551341673568 0,0590351929614073
77,0915819055507 0,062271545690862
86,7280296437445 0,064903019396121
96,3644773819383 0,0639662067586485
106,000925120132 0,0630493901219761
115,637372858326 0,0592131573685268
125,27382059652 0,0545660867826432
134,910268334714 0,0488802239552089
144,546716072907 0,0477904419116176
154,183163811101 0,0394751049790043
163,819611549295 0,0356228754249154
173,456059287489 0,0298960207958412
183,092507025683 0,0229984003199365
192,728954763877 0,0212787442511502
202,36540250207 0,0162427514497104
212,001850240264 0,0145780843831237
221,638297978458 0,0105088982203561
231,274745716652 0,0103799240151971
240,911193454846 0,00698260347930428
250,54764119304 0,00588882223555293
260,184088931233 0,00406018796240756
269,820536669427 0,00314837032593491
279,456984407621 0,00183063387322535
289,093432145815 0,00199560087982403
298,729879884009 0,00236752649470112
308,366327622203 0,00218456308738254
318,002775360396 0,00115676864627073
327,63922309859 0,000490901819636067
337,275670836784 0,00032593481303739
346,912118574978 7,19856028794242E-05
356,548566313172 5,49890021995601E-05
366,185014051366 6,59868026394721E-05
375,821461789559 1,7996400719856E-05
385,457909527753 0
395,094357265947 0
404,730805004141 0
414,367252742335 0
424,003700480529 0
433,640148218722 0
443,276595956916 0
452,91304369511 0
462,549491433304 0
472,185939171498 0
