0 0,00746450709858038
29,7271140669562 0,0177934413117379
59,4542281339123 0,0299770045990804
89,1813422008685 0,0410087982403521
118,908456267825 0,0463067386522696
148,635570334781 0,0551729654069193
178,362684401737 0,0589792041591681
208,089798468693 0,0650769846030787
237,816912535649 0,0709698060387913
267,544026602605 0,0681503699260143
297,271140669562 0,0653829234153168
326,998254736518 0,0648330333933218
356,725368803474 0,0592931413717264
386,45248287043 0,053535292941412
416,179596937386 0,0476484703059386
445,906711004342 0,0440561887622478
475,633825071299 0,039100179964007
505,360939138255 0,032772445510898
535,088053205211 0,028679264147171
564,815167272167 0,023056388722256
594,542281339123 0,019669066186763
624,269395406079 0,0163957208558292
653,996509473036 0,0117556488702263
683,723623539992 0,00840931813637293
713,450737606948 0,00614577084583092
743,177851673904 0,00608978204359129
772,90496574086 0,00327434513097387
802,632079807816 0,00210457908418318
832,359193874772 0,00192161567686463
862,086307941729 0,00188462307538492
891,813422008685 0,00139472105578882
921,540536075641 0,000657868426314728
951,267650142597 0,000392921415716853
980,994764209553 0,00031093781243751
1010,72187827651 0,000166966606678664
1040,44899234347 6,29874025194961E-05
1070,17610641042 8,99820035992801E-06
1099,90322047738 3,99920015996801E-06
1129,63033454433 1,0997800439912E-05
1159,35744861129 5,09898020395921E-05
1189,08456267825 5,99880023995201E-06
1218,8116767452 2,999400119976E-06
1248,53879081216 2,1995600879824E-05
1278,26590487911 0
1307,99301894607 0
1337,72013301303 0
1367,44724707998 0
1397,17436114694 0
1426,9014752139 0
1456,62858928085 0
